epoch:0 0.2242  0.4902  0.1572  0.0786  0.1439  0.2926  0.2577  0.4222  0.4562  0.1464  0.3708  0.528  7.5425  0.001
epoch:1 0.448  0.7414  0.476  0.1107  0.3334  0.5394  0.3713  0.5495  0.5713  0.1737  0.4836  0.6473  7.5752  0.000997
epoch:2 0.493  0.7769  0.5363  0.1577  0.3731  0.5886  0.3991  0.5938  0.6179  0.2718  0.5136  0.6965  6.5933  0.000989
epoch:3 0.5153  0.792  0.5682  0.1797  0.3902  0.6159  0.4118  0.6165  0.6401  0.2842  0.54  0.7179  6.088  0.000976
epoch:4 0.5144  0.7919  0.5661  0.1762  0.3981  0.6149  0.4131  0.6189  0.6462  0.3059  0.5485  0.7243  5.8809  0.000957
epoch:5 0.519  0.8018  0.5689  0.1737  0.3971  0.6154  0.4138  0.6181  0.6427  0.3009  0.5384  0.7185  5.6216  0.000934
epoch:6 0.5242  0.8017  0.5823  0.1843  0.3965  0.6275  0.4171  0.6235  0.6496  0.3231  0.5408  0.7285  5.3381  0.000905
epoch:7 0.5138  0.7946  0.5613  0.1515  0.3882  0.6173  0.4144  0.6162  0.6415  0.3016  0.5261  0.7209  5.7042  0.000873
epoch:8 0.5391  0.804  0.5931  0.1767  0.4114  0.6469  0.4284  0.6352  0.662  0.3359  0.5551  0.7442  5.362  0.000836
epoch:9 0.5405  0.8076  0.6047  0.1884  0.4259  0.6402  0.425  0.6327  0.6577  0.3393  0.5657  0.7332  5.352  0.000796
epoch:10 0.5406  0.8058  0.5975  0.1712  0.4183  0.642  0.4282  0.6394  0.6648  0.3292  0.5656  0.7402  5.4649  0.000752
epoch:11 0.4676  0.7255  0.509  0.1508  0.3757  0.5771  0.3974  0.6029  0.6321  0.3598  0.5621  0.6938  4.9082  0.000706
epoch:12 0.5403  0.8074  0.5958  0.1711  0.4196  0.6404  0.428  0.6361  0.6616  0.3159  0.56  0.7416  5.229  0.000658
epoch:13 0.5515  0.8069  0.6055  0.1801  0.4267  0.6522  0.4336  0.6444  0.6693  0.3354  0.5648  0.7474  5.2746  0.000608
epoch:14 0.5453  0.8033  0.5987  0.1945  0.4275  0.6478  0.4336  0.6458  0.6713  0.3682  0.5723  0.7504  5.0562  0.000557
epoch:15 0.5542  0.8076  0.6039  0.1788  0.4195  0.665  0.4386  0.6473  0.6712  0.3294  0.5513  0.7581  4.8271  0.000505
epoch:16 0.549  0.8048  0.5968  0.2022  0.4235  0.6532  0.4333  0.6436  0.6682  0.3516  0.5652  0.7489  5.1034  0.000453
epoch:17 0.5475  0.8039  0.5921  0.1855  0.4273  0.6538  0.4351  0.644  0.6698  0.3513  0.5632  0.75  4.8639  0.000402
epoch:18 0.5525  0.8083  0.6002  0.1798  0.4214  0.6602  0.4373  0.6464  0.6702  0.3336  0.5601  0.7541  4.6292  0.000352
epoch:19 0.5543  0.8063  0.6038  0.2011  0.4307  0.6623  0.4405  0.6533  0.6776  0.3652  0.5716  0.7576  4.9556  0.000304
epoch:20 0.5573  0.808  0.6073  0.1907  0.4302  0.6648  0.441  0.6504  0.6748  0.3516  0.5686  0.7599  4.9521  0.000258
epoch:21 0.5482  0.797  0.5975  0.2017  0.4404  0.6522  0.4361  0.6528  0.678  0.3666  0.5786  0.7571  4.9252  0.000214
epoch:22 0.5624  0.8082  0.6144  0.1986  0.4321  0.667  0.443  0.655  0.6787  0.356  0.5694  0.763  4.77  0.000174
epoch:23 0.5622  0.8092  0.6141  0.2008  0.4366  0.6683  0.4436  0.6589  0.6834  0.3599  0.5728  0.7668  5.0414  0.000137
epoch:24 0.5621  0.8084  0.6131  0.2113  0.441  0.6668  0.4439  0.6617  0.6866  0.3692  0.5892  0.7671  4.8149  0.000105
epoch:25 0.5417  0.7867  0.5868  0.1982  0.438  0.6487  0.4347  0.6512  0.6777  0.3778  0.591  0.7501  4.7258  7.6e-05
epoch:26 0.5689  0.8118  0.6195  0.2068  0.4318  0.6755  0.4462  0.6601  0.6838  0.3521  0.5659  0.7696  4.8852  5.3e-05
epoch:27 0.5475  0.7913  0.5959  0.209  0.4437  0.6495  0.4355  0.653  0.6801  0.381  0.5899  0.7537  4.9457  3.4e-05
epoch:28 0.5491  0.7952  0.5957  0.212  0.4388  0.6517  0.437  0.6562  0.6816  0.3738  0.5909  0.7555  4.7835  2.1e-05
epoch:29 0.5649  0.8061  0.6163  0.2065  0.433  0.6719  0.4451  0.6578  0.6816  0.3614  0.5643  0.7668  4.627  1.3e-05
