epoch:0 0.2945  0.6315  0.2079  0.1575  0.2519  0.3236  0.3075  0.4898  0.5093  0.3443  0.4912  0.5202  0.5838  0.010000
epoch:1 0.3372  0.6489  0.3033  0.1958  0.2649  0.3679  0.3359  0.5224  0.5382  0.3431  0.4788  0.5583  0.3937  0.010000
epoch:2 0.3687  0.7035  0.3522  0.1732  0.2990  0.4084  0.3611  0.5382  0.5503  0.3396  0.4806  0.5769  0.3533  0.010000
epoch:3 0.4849  0.8018  0.5340  0.2401  0.3907  0.5226  0.4258  0.6199  0.6322  0.4206  0.5596  0.6604  0.2565  0.003300
epoch:4 0.5030  0.8146  0.5529  0.2549  0.4132  0.5442  0.4372  0.6217  0.6338  0.3941  0.5650  0.6644  0.2284  0.003300
epoch:5 0.5049  0.8160  0.5568  0.2507  0.4088  0.5446  0.4363  0.6279  0.6393  0.4019  0.5567  0.6708  0.2080  0.003300
epoch:6 0.5235  0.8236  0.5788  0.2583  0.4208  0.5699  0.4491  0.6315  0.6426  0.3667  0.5451  0.6826  0.1808  0.001089
epoch:7 0.5216  0.8214  0.5824  0.2430  0.4168  0.5663  0.4520  0.6308  0.6400  0.3414  0.5470  0.6788  0.1711  0.001089
epoch:8 0.5234  0.8249  0.5821  0.2533  0.4172  0.5685  0.4509  0.6294  0.6393  0.3491  0.5430  0.6785  0.1638  0.001089
epoch:9 0.5301  0.8264  0.5932  0.2725  0.4210  0.5773  0.4544  0.6346  0.6444  0.3670  0.5486  0.6854  0.1547  0.000359
epoch:10 0.5262  0.8255  0.5826  0.2672  0.4191  0.5722  0.4521  0.6325  0.6419  0.3582  0.5481  0.6809  0.1522  0.000359
epoch:11 0.5280  0.8252  0.5885  0.2655  0.4149  0.5741  0.4542  0.6342  0.6440  0.3669  0.5513  0.6820  0.1497  0.000359
epoch:12 0.5269  0.8248  0.5848  0.2596  0.4175  0.5731  0.4528  0.6309  0.6404  0.3568  0.5455  0.6798  0.1463  0.000119
epoch:13 0.5276  0.8236  0.5885  0.2633  0.4145  0.5741  0.4535  0.6309  0.6403  0.3591  0.5447  0.6810  0.1460  0.000119
epoch:14 0.5271  0.8239  0.5861  0.2651  0.4141  0.5750  0.4529  0.6313  0.6413  0.3613  0.5450  0.6830  0.1451  0.000119
